RiccardoTRinner 1017 1017 1017 1017 60 34
RiccardoTRinner 1017 1017 1018 1018 60 35
RiccardoTRinner 1034 1016 1035 1017 50 33
RiccardoTRinner 1034 1034 1035 1035 41 33
RiccardoTRinner 1035 1017 1035 1017 50 34
RiccardoTRinner 1035 1017 1036 1018 50 35
RiccardoTRinner 1035 1035 1035 1035 41 34
RiccardoTRinner 1035 1035 1036 1036 41 35
RiccardoTRinner 1052 1034 1053 1035 31 33
RiccardoTRinner 1052 1052 1053 1053 22 33
RiccardoTRinner 1053 1035 1053 1035 31 34
RiccardoTRinner 1053 1035 1054 1036 31 35
RiccardoTRinner 1053 1053 1053 1053 22 34
RiccardoTRinner 1053 1053 1054 1054 22 35
RiccardoTRinner 1070 1052 1071 1053 13 33
RiccardoTRinner 1070 1070 1071 1071 3 33
RiccardoTRinner 1071 1053 1071 1053 13 34
RiccardoTRinner 1071 1053 1072 1054 13 35
RiccardoTRinner 1071 1071 1071 1071 3 34
RiccardoTRinner 1071 1071 1072 1072 3 35
RiccardoTRinner 2014 2032 2014 2032 46 63
RiccardoTRinner 2015 2015 2014 2014 58 64
RiccardoTRinner 2015 2015 2015 2015 58 65
RiccardoTRinner 2015 2033 2014 2032 46 64
RiccardoTRinner 2015 2033 2015 2033 46 65
RiccardoTRinner 2016 2016 2015 2015 58 66
RiccardoTRinner 2016 2034 2015 2033 46 66
RiccardoTRinner 2032 2032 2032 2032 31 63
RiccardoTRinner 2032 2050 2032 2050 17 63
RiccardoTRinner 2033 2033 2032 2032 31 64
RiccardoTRinner 2033 2033 2033 2033 31 65
RiccardoTRinner 2033 2051 2032 2050 17 64
RiccardoTRinner 2033 2051 2033 2051 17 65
RiccardoTRinner 2034 2034 2033 2033 31 66
RiccardoTRinner 2034 2052 2033 2051 17 66
RiccardoTRinner 2050 2050 2050 2050 5 63
RiccardoTRinner 2051 2051 2050 2050 5 64
RiccardoTRinner 2051 2051 2051 2051 5 65
RiccardoTRinner 2052 2052 2051 2051 5 66
RiccardoTRinner 3001 3001 3001 3001 58 67
RiccardoTRinner 3011 3011 3012 3012 58 88
RiccardoTRinner 3011 3029 3012 3030 46 88
RiccardoTRinner 3012 3012 3012 3012 58 89
RiccardoTRinner 3012 3012 3013 3013 58 90
RiccardoTRinner 3012 3030 3012 3030 46 89
RiccardoTRinner 3012 3030 3013 3031 46 90
RiccardoTRinner 3013 3013 3013 3013 58 91
RiccardoTRinner 3013 3013 3014 3014 58 92
RiccardoTRinner 3013 3031 3013 3031 46 91
RiccardoTRinner 3013 3031 3014 3032 46 92
RiccardoTRinner 3029 3029 3030 3030 31 88
RiccardoTRinner 3029 3047 3029 3047 17 87
RiccardoTRinner 3029 3047 3030 3048 17 88
RiccardoTRinner 3030 3030 3030 3030 31 89
RiccardoTRinner 3030 3030 3031 3031 31 90
RiccardoTRinner 3030 3048 3030 3048 17 89
RiccardoTRinner 3030 3048 3031 3049 17 90
RiccardoTRinner 3031 3031 3031 3031 31 91
RiccardoTRinner 3031 3031 3032 3032 31 92
RiccardoTRinner 3031 3049 3031 3049 17 91
RiccardoTRinner 3031 3049 3032 3050 17 92
RiccardoTRinner 3047 3047 3047 3047 5 87
RiccardoTRinner 3047 3047 3048 3048 5 88
RiccardoTRinner 3048 3048 3048 3048 5 89
RiccardoTRinner 3048 3048 3049 3049 5 90
RiccardoTRinner 3049 3049 3049 3049 5 91
RiccardoTRinner 3049 3049 3050 3050 5 92
RiccardoTRinner 4016 4016 4015 4015 1 32
RiccardoTRinner 4016 4016 4015 4033 3 32
RiccardoTRinner 4016 4016 4016 4016 1 33
RiccardoTRinner 4016 4016 4016 4034 3 33
RiccardoTRinner 4016 4016 4033 4033 6 32
RiccardoTRinner 4016 4016 4034 4034 6 33
RiccardoTRinner 4016 4034 4033 4033 9 32
RiccardoTRinner 4016 4034 4034 4034 9 33
RiccardoTRinner 4017 4017 4016 4016 1 34
RiccardoTRinner 4017 4017 4016 4034 3 34
RiccardoTRinner 4017 4017 4034 4034 6 34
RiccardoTRinner 4017 4035 4034 4034 9 34
RiccardoTRinner 4034 4034 4033 4033 11 32
RiccardoTRinner 4034 4034 4033 4051 14 32
RiccardoTRinner 4034 4034 4034 4034 11 33
RiccardoTRinner 4034 4034 4034 4052 14 33
RiccardoTRinner 4034 4034 4051 4051 17 32
RiccardoTRinner 4034 4034 4052 4052 17 33
RiccardoTRinner 4034 4052 4051 4051 20 32
RiccardoTRinner 4034 4052 4052 4052 20 33
RiccardoTRinner 4035 4035 4034 4034 11 34
RiccardoTRinner 4035 4035 4034 4052 14 34
RiccardoTRinner 4035 4035 4052 4052 17 34
RiccardoTRinner 4035 4053 4052 4052 20 34
RiccardoTRinner 4052 4052 4051 4051 23 32
RiccardoTRinner 4052 4052 4051 4069 26 32
RiccardoTRinner 4052 4052 4052 4052 23 33
RiccardoTRinner 4052 4052 4052 4070 26 33
RiccardoTRinner 4052 4052 4069 4069 29 32
RiccardoTRinner 4052 4052 4070 4070 29 33
RiccardoTRinner 4052 4070 4069 4069 31 32
RiccardoTRinner 4052 4070 4070 4070 31 33
RiccardoTRinner 4053 4053 4052 4052 23 34
RiccardoTRinner 4053 4053 4070 4070 29 34
RiccardoTRinner 4053 4071 4070 4070 31 34
RiccardoTRinner 4070 4070 4069 4069 34 32
RiccardoTRinner 4070 4070 4069 4087 37 32
RiccardoTRinner 4070 4070 4070 4070 34 33
RiccardoTRinner 4070 4070 4070 4088 37 33
RiccardoTRinner 4070 4070 4087 4087 40 32
RiccardoTRinner 4070 4070 4088 4088 40 33
RiccardoTRinner 4070 4088 4087 4087 43 32
RiccardoTRinner 4070 4088 4088 4088 43 33
RiccardoTRinner 4071 4071 4070 4070 34 34
RiccardoTRinner 4071 4071 4070 4088 37 34
RiccardoTRinner 4071 4071 4088 4088 40 34
RiccardoTRinner 4071 4089 4088 4088 43 34
RiccardoTRinner 4088 4088 4087 4087 46 32
RiccardoTRinner 4088 4088 4087 4105 49 32
RiccardoTRinner 4088 4088 4088 4088 46 33
RiccardoTRinner 4088 4088 4088 4106 49 33
RiccardoTRinner 4088 4088 4105 4105 51 32
RiccardoTRinner 4088 4088 4106 4106 51 33
RiccardoTRinner 4088 4106 4105 4105 54 32
RiccardoTRinner 4088 4106 4106 4106 54 33
RiccardoTRinner 4089 4089 4088 4088 46 34
RiccardoTRinner 4089 4089 4088 4106 49 34
RiccardoTRinner 4089 4089 4106 4106 51 34
RiccardoTRinner 4089 4107 4106 4106 54 34
RiccardoTRinner 4106 4106 4105 4105 57 32
RiccardoTRinner 4106 4106 4105 4123 60 32
RiccardoTRinner 4106 4106 4106 4106 57 33
RiccardoTRinner 4106 4106 4106 4124 60 33
RiccardoTRinner 4106 4106 4123 4123 62 32
RiccardoTRinner 4106 4106 4124 4124 62 33
RiccardoTRinner 4107 4107 4106 4106 57 34
RiccardoTRinner 4107 4107 4124 4124 62 34
RiccardoTRinner 5013 5013 5014 5014 3 61
RiccardoTRinner 5013 5013 5014 5032 6 61
RiccardoTRinner 5013 5013 5031 5031 10 60
RiccardoTRinner 5013 5013 5032 5032 10 61
RiccardoTRinner 5013 5031 5031 5031 14 60
RiccardoTRinner 5013 5031 5032 5032 14 61
RiccardoTRinner 5014 5014 5014 5014 3 62
RiccardoTRinner 5014 5014 5014 5032 6 62
RiccardoTRinner 5014 5014 5015 5015 3 63
RiccardoTRinner 5014 5014 5015 5033 6 63
RiccardoTRinner 5014 5014 5032 5032 10 62
RiccardoTRinner 5014 5014 5033 5033 10 63
RiccardoTRinner 5014 5032 5032 5032 14 62
RiccardoTRinner 5014 5032 5033 5033 14 63
RiccardoTRinner 5031 5031 5031 5031 19 60
RiccardoTRinner 5031 5031 5031 5049 23 60
RiccardoTRinner 5031 5031 5032 5032 19 61
RiccardoTRinner 5031 5031 5032 5050 23 61
RiccardoTRinner 5031 5031 5049 5049 27 60
RiccardoTRinner 5031 5031 5050 5050 27 61
RiccardoTRinner 5031 5049 5049 5049 31 60
RiccardoTRinner 5031 5049 5050 5050 31 61
RiccardoTRinner 5032 5032 5032 5032 19 62
RiccardoTRinner 5032 5032 5032 5050 23 62
RiccardoTRinner 5032 5032 5033 5033 19 63
RiccardoTRinner 5032 5032 5033 5051 23 63
RiccardoTRinner 5032 5032 5050 5050 27 62
RiccardoTRinner 5032 5032 5051 5051 27 63
RiccardoTRinner 5032 5050 5050 5050 31 62
RiccardoTRinner 5032 5050 5051 5051 31 63
RiccardoTRinner 5049 5049 5049 5049 36 60
RiccardoTRinner 5049 5049 5049 5067 40 60
RiccardoTRinner 5049 5049 5050 5050 36 61
RiccardoTRinner 5049 5049 5050 5068 40 61
RiccardoTRinner 5049 5049 5067 5067 44 60
RiccardoTRinner 5049 5049 5068 5068 44 61
RiccardoTRinner 5049 5067 5067 5067 49 60
RiccardoTRinner 5049 5067 5068 5068 49 61
RiccardoTRinner 5050 5050 5050 5050 36 62
RiccardoTRinner 5050 5050 5050 5068 40 62
RiccardoTRinner 5050 5050 5051 5051 36 63
RiccardoTRinner 5050 5050 5051 5069 40 63
RiccardoTRinner 5050 5050 5068 5068 44 62
RiccardoTRinner 5050 5050 5069 5069 44 63
RiccardoTRinner 5050 5068 5068 5068 49 62
RiccardoTRinner 5050 5068 5069 5069 49 63
RiccardoTRinner 5067 5067 5067 5067 53 60
RiccardoTRinner 5067 5067 5068 5068 53 61
RiccardoTRinner 5067 5067 5068 5086 57 61
RiccardoTRinner 5067 5067 5086 5086 60 61
RiccardoTRinner 5068 5068 5068 5068 53 62
RiccardoTRinner 5068 5068 5068 5086 57 62
RiccardoTRinner 5068 5068 5069 5069 53 63
RiccardoTRinner 5068 5068 5069 5087 57 63
RiccardoTRinner 5068 5068 5086 5086 60 62
RiccardoTRinner 5068 5068 5087 5087 60 63
RiccardoTRinner 6013 6013 6012 6012 4 88
RiccardoTRinner 6013 6013 6012 6030 6 88
RiccardoTRinner 6013 6013 6013 6013 4 89
RiccardoTRinner 6013 6013 6013 6031 6 89
RiccardoTRinner 6013 6013 6030 6030 10 88
RiccardoTRinner 6013 6013 6031 6031 10 89
RiccardoTRinner 6013 6031 6030 6030 14 88
RiccardoTRinner 6013 6031 6031 6031 14 89
RiccardoTRinner 6014 6014 6013 6013 4 90
RiccardoTRinner 6014 6014 6013 6031 6 90
RiccardoTRinner 6014 6014 6014 6014 4 91
RiccardoTRinner 6014 6014 6014 6032 6 91
RiccardoTRinner 6014 6014 6031 6031 10 90
RiccardoTRinner 6014 6014 6032 6032 10 91
RiccardoTRinner 6014 6032 6031 6031 14 90
RiccardoTRinner 6014 6032 6032 6032 14 91
RiccardoTRinner 6015 6015 6014 6014 4 92
RiccardoTRinner 6015 6015 6014 6032 6 92
RiccardoTRinner 6015 6015 6032 6032 10 92
RiccardoTRinner 6015 6033 6032 6032 14 92
RiccardoTRinner 6031 6031 6030 6030 19 88
RiccardoTRinner 6031 6031 6030 6048 23 88
RiccardoTRinner 6031 6031 6031 6031 19 89
RiccardoTRinner 6031 6031 6031 6049 23 89
RiccardoTRinner 6031 6031 6048 6048 27 88
RiccardoTRinner 6031 6031 6049 6049 27 89
RiccardoTRinner 6031 6049 6048 6048 31 88
RiccardoTRinner 6031 6049 6049 6049 31 89
RiccardoTRinner 6032 6032 6031 6031 19 90
RiccardoTRinner 6032 6032 6031 6049 23 90
RiccardoTRinner 6032 6032 6032 6032 19 91
RiccardoTRinner 6032 6032 6032 6050 23 91
RiccardoTRinner 6032 6032 6049 6049 27 90
RiccardoTRinner 6032 6032 6050 6050 27 91
RiccardoTRinner 6032 6050 6049 6049 31 90
RiccardoTRinner 6032 6050 6050 6050 31 91
RiccardoTRinner 6033 6033 6032 6032 19 92
RiccardoTRinner 6033 6033 6032 6050 23 92
RiccardoTRinner 6033 6033 6050 6050 27 92
RiccardoTRinner 6033 6051 6050 6050 31 92
RiccardoTRinner 6049 6049 6048 6048 36 88
RiccardoTRinner 6049 6049 6048 6066 40 88
RiccardoTRinner 6049 6049 6049 6049 36 89
RiccardoTRinner 6049 6049 6049 6067 40 89
RiccardoTRinner 6049 6049 6066 6066 44 88
RiccardoTRinner 6049 6049 6067 6067 44 89
RiccardoTRinner 6049 6067 6066 6066 49 88
RiccardoTRinner 6049 6067 6067 6067 49 89
RiccardoTRinner 6050 6050 6049 6049 36 90
RiccardoTRinner 6050 6050 6049 6067 40 90
RiccardoTRinner 6050 6050 6050 6050 36 91
RiccardoTRinner 6050 6050 6050 6068 40 91
RiccardoTRinner 6050 6050 6067 6067 44 90
RiccardoTRinner 6050 6050 6068 6068 44 91
RiccardoTRinner 6050 6068 6067 6067 49 90
RiccardoTRinner 6050 6068 6068 6068 49 91
RiccardoTRinner 6051 6051 6050 6050 36 92
RiccardoTRinner 6051 6051 6050 6068 40 92
RiccardoTRinner 6051 6051 6068 6068 44 92
RiccardoTRinner 6051 6069 6068 6068 49 92
RiccardoTRinner 6067 6067 6066 6066 53 88
RiccardoTRinner 6067 6067 6066 6084 57 88
RiccardoTRinner 6067 6067 6067 6067 53 89
RiccardoTRinner 6067 6067 6067 6085 57 89
RiccardoTRinner 6067 6067 6084 6084 59 88
RiccardoTRinner 6067 6067 6085 6085 59 89
RiccardoTRinner 6068 6068 6067 6067 53 90
RiccardoTRinner 6068 6068 6067 6085 57 90
RiccardoTRinner 6068 6068 6068 6068 53 91
RiccardoTRinner 6068 6068 6068 6086 57 91
RiccardoTRinner 6068 6068 6085 6085 59 90
RiccardoTRinner 6068 6068 6086 6086 59 91
RiccardoTRinner 6069 6069 6068 6068 53 92
RiccardoTRinner 6069 6069 6068 6086 57 92
RiccardoTRinner 6069 6069 6086 6086 59 92
RiccardoTRouter 2001 2001 2001 2001 55 34
RiccardoTRouter 2001 2001 2001 2019 46 34
RiccardoTRouter 2001 2001 2002 2002 55 36
RiccardoTRouter 2001 2001 2002 2020 46 36
RiccardoTRouter 2001 2001 2019 2019 39 34
RiccardoTRouter 2001 2001 2020 2020 39 36
RiccardoTRouter 2001 2019 2019 2019 31 34
RiccardoTRouter 2001 2019 2020 2020 31 36
RiccardoTRouter 2002 2002 2002 2002 55 36
RiccardoTRouter 2019 2019 2019 2019 24 34
RiccardoTRouter 2019 2019 2019 2037 17 34
RiccardoTRouter 2019 2019 2020 2020 24 36
RiccardoTRouter 2019 2019 2020 2038 17 36
RiccardoTRouter 2019 2019 2037 2037 8 34
RiccardoTRouter 2019 2019 2038 2038 8 36
RiccardoTRouter 3001 3001 3001 3001 55 64
RiccardoTRouter 3001 3001 3001 3019 46 64
RiccardoTRouter 3001 3001 3002 3002 55 65
RiccardoTRouter 3001 3001 3002 3020 46 65
RiccardoTRouter 3001 3001 3019 3019 39 64
RiccardoTRouter 3001 3001 3020 3020 39 65
RiccardoTRouter 3001 3019 3019 3019 31 64
RiccardoTRouter 3001 3019 3020 3020 31 65
RiccardoTRouter 3002 3002 3002 3002 55 66
RiccardoTRouter 3002 3002 3002 3020 46 66
RiccardoTRouter 3002 3002 3003 3003 55 67
RiccardoTRouter 3002 3002 3003 3021 46 67
RiccardoTRouter 3002 3002 3020 3020 39 66
RiccardoTRouter 3002 3002 3021 3021 39 67
RiccardoTRouter 3002 3020 3021 3021 31 67
RiccardoTRouter 3019 3019 3019 3019 24 64
RiccardoTRouter 3019 3019 3019 3037 17 64
RiccardoTRouter 3019 3019 3020 3020 24 65
RiccardoTRouter 3019 3019 3020 3038 17 65
RiccardoTRouter 3019 3019 3037 3037 8 64
RiccardoTRouter 3019 3019 3038 3038 8 65
RiccardoTRouter 3020 3020 3020 3020 24 66
RiccardoTRouter 3020 3020 3020 3038 17 66
RiccardoTRouter 3020 3020 3021 3021 24 67
RiccardoTRouter 3020 3020 3021 3039 17 67
RiccardoTRouter 3020 3020 3038 3038 8 66
RiccardoTRouter 3020 3020 3039 3039 8 67
RiccardoTRouter 5001 5001 5001 5001 4 33
RiccardoTRouter 5001 5001 5002 5002 4 35
RiccardoTRouter 5019 5001 5019 5001 14 33
RiccardoTRouter 5019 5001 5020 5002 14 35
RiccardoTRouter 5019 5019 5019 5019 23 33
RiccardoTRouter 5019 5019 5020 5020 23 35
RiccardoTRouter 5037 5019 5037 5019 32 33
RiccardoTRouter 5037 5019 5038 5020 32 35
RiccardoTRouter 5037 5037 5037 5037 40 33
RiccardoTRouter 5037 5037 5038 5038 40 35
RiccardoTRouter 5055 5037 5055 5037 49 33
RiccardoTRouter 5055 5037 5056 5038 49 35
RiccardoTRouter 5055 5055 5055 5055 59 33
RiccardoTRouter 5055 5055 5056 5056 59 35
RiccardoTRouter 6001 6001 6001 6001 5 61
RiccardoTRouter 6001 6001 6002 6002 5 62
RiccardoTRouter 6002 6002 6002 6002 5 63
RiccardoTRouter 6002 6002 6003 6003 5 64
RiccardoTRouter 6019 6001 6019 6001 14 61
RiccardoTRouter 6019 6001 6020 6002 14 62
RiccardoTRouter 6019 6019 6019 6019 23 61
RiccardoTRouter 6019 6019 6020 6020 23 62
RiccardoTRouter 6020 6002 6020 6002 14 63
RiccardoTRouter 6020 6002 6021 6003 14 64
RiccardoTRouter 6020 6020 6020 6020 23 63
RiccardoTRouter 6020 6020 6021 6021 23 64
RiccardoTRouter 6037 6019 6037 6019 32 61
RiccardoTRouter 6037 6019 6038 6020 32 62
RiccardoTRouter 6037 6037 6037 6037 40 61
RiccardoTRouter 6037 6037 6038 6038 40 62
RiccardoTRouter 6038 6020 6038 6020 32 63
RiccardoTRouter 6038 6020 6039 6021 32 64
RiccardoTRouter 6038 6038 6038 6038 40 63
RiccardoTRouter 6038 6038 6039 6039 40 64
RiccardoTRouter 6055 6037 6055 6037 49 61
RiccardoTRouter 6055 6037 6056 6038 49 62
RiccardoTRouter 6055 6055 6055 6055 58 61
RiccardoTRouter 6055 6055 6056 6056 58 62
RiccardoTRouter 6056 6038 6056 6038 49 63
RiccardoTRouter 6056 6038 6057 6039 49 64
RiccardoTRouter 6056 6056 6056 6056 58 63
RiccardoTRouter 6056 6056 6057 6057 58 64
